ORF1ab Start: 266 End: 13468 | ORF1ab Start: 13468 End: 21555 | ORF1ab Start: 266 End: 13483 | S Start: 21563 End: 25384 | ORF3a Start: 25393 End: 26220 | E Start: 26245 End: 26472 | M Start: 26523 End: 27191 | ORF6 Start: 27202 End: 27387 | ORF7a Start: 27394 End: 27759 | ORF7b Start: 27756 End: 27887 | ORF8 Start: 27894 End: 28259 | N Start: 28274 End: 29533 | ORF10 Start: 29558 End: 29674 | 
0                                          0                                          0                                          0                                          0                                          0                                          0                                          0                                          0                                          0                                          0                                          0                                          0                                          NC_045512.2/1-29903
1                                          0                                          1                                          1                                          0                                          0                                          0                                          0                                          0                                          0                                          0                                          1                                          0                                          MT682732.1/1-29860
1                                          1                                          1                                          1                                          0                                          0                                          1                                          0                                          0                                          0                                          0                                          1                                          0                                          MT622321.1/1-29835
1                                          0                                          1                                          1                                          0                                          0                                          0                                          0                                          0                                          0                                          0                                          0                                          0                                          MT525950.1/1-29760
1                                          0                                          1                                          1                                          0                                          0                                          0                                          0                                          0                                          0                                          0                                          1                                          0                                          MT527178.1/1-29760
1                                          0                                          1                                          1                                          0                                          0                                          0                                          0                                          0                                          0                                          0                                          0                                          0                                          MT527184.1/1-29834
1                                          1                                          1                                          1                                          0                                          0                                          0                                          0                                          0                                          0                                          0                                          0                                          0                                          MT528235.1/1-29818
1                                          0                                          1                                          1                                          0                                          0                                          0                                          0                                          0                                          0                                          0                                          0                                          0                                          MT528237.1/1-29834
1                                          1                                          1                                          1                                          0                                          0                                          1                                          0                                          0                                          0                                          0                                          0                                          0                                          MT528238.1/1-29834
1                                          0                                          1                                          1                                          0                                          0                                          0                                          0                                          0                                          0                                          0                                          0                                          0                                          MT528239.1/1-29834
1                                          1                                          1                                          1                                          0                                          0                                          0                                          0                                          0                                          0                                          0                                          1                                          0                                          MT531537.2/1-29901
1                                          0                                          1                                          0                                          1                                          0                                          0                                          0                                          0                                          0                                          0                                          0                                          0                                          MT077125.1/1-29785
1                                          0                                          1                                          0                                          1                                          0                                          0                                          0                                          0                                          0                                          0                                          0                                          0                                          MT066156.1/1-29867
